0 0.950093 0.797104 0.078992 0.088192
0 0.155577 0.074219 0.101335 0.069791
0 0.576230 0.912174 0.095947 0.118290
0 0.151042 0.027613 0.107776 0.055227
0 0.819382 0.748474 0.098575 0.067163
0 0.482846 0.977117 0.111850 0.045767
0 0.059696 0.035447 0.114347 0.065848
0 0.983623 0.610534 0.032755 0.072288
0 0.990129 0.517807 0.019743 0.050076
0 0.168129 0.611848 0.141948 0.072288
0 0.964564 0.682166 0.070871 0.097261
0 0.515770 0.391697 0.116976 0.084117
0 0.268609 0.028271 0.077677 0.056542
0 0.159519 0.855658 0.077677 0.057831
0 0.763523 0.912765 0.094632 0.080306
0 0.928406 0.907575 0.064534 0.093318
0 0.754980 0.192576 0.072288 0.088060
0 0.487512 0.548760 0.068345 0.127491
0 0.051087 0.931888 0.100021 0.076231
0 0.421073 0.816228 0.061905 0.078860
0 0.921242 0.096629 0.097261 0.095947
0 0.044634 0.769569 0.089268 0.095947
