0 0.196086 0.090694 0.104167 0.090686
0 0.907852 0.985053 0.052696 0.029894
0 0.564959 0.077826 0.057598 0.084559
0 0.397434 0.865265 0.056373 0.047917
0 0.878070 0.867040 0.061275 0.042892
0 0.788611 0.264101 0.122549 0.072304
0 0.431135 0.915570 0.055147 0.055147
0 0.056070 0.359076 0.112140 0.093137
0 0.677090 0.128685 0.080882 0.066176
0 0.488366 0.675253 0.083333 0.075980
0 0.461160 0.981377 0.078431 0.037247
0 0.558218 0.760424 0.132353 0.109069
0 0.435057 0.541061 0.074755 0.096814
0 0.719983 0.092531 0.083333 0.074755
0 0.977026 0.704665 0.045948 0.078431
0 0.028987 0.958705 0.057973 0.082590
0 0.151723 0.940693 0.087010 0.063725
0 0.947926 0.806993 0.053922 0.064951
0 0.498537 0.867103 0.055147 0.061397
0 0.147066 0.246944 0.074755 0.067402
0 0.781136 0.985236 0.116422 0.029528
0 0.314346 0.370105 0.068627 0.075980
0 0.703439 0.424641 0.099265 0.064951
0 0.645228 0.480400 0.102941 0.080882
0 0.813121 0.167287 0.117647 0.087010
0 0.176846 0.619554 0.046569 0.049142
0 0.554909 0.972185 0.136029 0.055630
0 0.020531 0.261037 0.041062 0.083333
0 0.936282 0.598047 0.074755 0.090686
0 0.063733 0.505523 0.121324 0.084559
