0 0.494493 0.079665 0.075980 0.149510
0 0.404419 0.204051 0.109069 0.094363
0 0.841919 0.667286 0.310049 0.131127
0 0.018080 0.748782 0.036159 0.078431
0 0.055155 0.083341 0.047794 0.159314
0 0.449763 0.955889 0.094363 0.083333
0 0.674640 0.800254 0.149510 0.088235
0 0.922189 0.226724 0.112745 0.068627
0 0.536772 0.232851 0.096814 0.078431
0 0.650743 0.094984 0.234069 0.131127
0 0.368268 0.533708 0.061275 0.131127
0 0.824763 0.860914 0.243873 0.113971
0 0.046879 0.547189 0.093757 0.238971
0 0.424640 0.458954 0.095588 0.062500
0 0.929845 0.360915 0.140310 0.128676
0 0.273292 0.710179 0.064951 0.140931
0 0.053930 0.853563 0.087010 0.104167
0 0.500007 0.370718 0.165441 0.084559
0 0.639713 0.417899 0.297794 0.107843
0 0.045653 0.944249 0.091306 0.099265
0 0.901045 0.504910 0.197910 0.147059
0 0.181380 0.873169 0.136029 0.072304
0 0.037075 0.106012 0.074150 0.207108
0 0.061282 0.680767 0.089461 0.074755
0 0.502459 0.609689 0.062500 0.087010
0 0.030334 0.362139 0.060669 0.160539
