0 0.305767 0.174640 0.127451 0.104167
0 0.823536 0.922189 0.126225 0.094363
0 0.681380 0.169738 0.150735 0.150735
0 0.140939 0.781258 0.123775 0.199755
0 0.345595 0.527582 0.143382 0.128676
0 0.931381 0.724272 0.104167 0.068627
0 0.890327 0.362753 0.105392 0.183824
0 0.023595 0.442410 0.047189 0.137255
0 0.242655 0.953435 0.082108 0.093130
0 0.613366 0.648292 0.090686 0.115196
0 0.846822 0.139100 0.079657 0.089461
0 0.698537 0.621944 0.111520 0.089461
0 0.590694 0.987749 0.113971 0.024502
0 0.383585 0.219370 0.101716 0.181373
0 0.588856 0.518389 0.188725 0.093137
0 0.074151 0.042896 0.075980 0.085791
0 0.841306 0.794125 0.095588 0.083333
0 0.695474 0.805767 0.102941 0.077206
