0 0.085179 0.656257 0.110294 0.143382
0 0.425865 0.385425 0.144608 0.087010
0 0.087629 0.096821 0.127451 0.122549
0 0.534934 0.553929 0.156863 0.200980
0 0.436281 0.867656 0.099265 0.102941
0 0.046879 0.455277 0.093757 0.128676
0 0.352949 0.643389 0.131127 0.093137
0 0.953129 0.895229 0.093742 0.204657
0 0.215694 0.367042 0.121324 0.082108
0 0.679542 0.419738 0.080882 0.148284
0 0.220597 0.540449 0.118873 0.090686
0 0.281870 0.868266 0.113971 0.094363
0 0.056070 0.780031 0.112141 0.072304
0 0.988055 0.527581 0.023890 0.060049
0 0.178929 0.670964 0.101716 0.116422
0 0.628684 0.424641 0.072304 0.182598
0 0.822312 0.670351 0.096814 0.102941
0 0.191196 0.956499 0.099287 0.087002
0 0.672189 0.166062 0.129902 0.150735
0 0.923415 0.774517 0.053922 0.080882
0 0.357850 0.134812 0.089461 0.144608
0 0.604787 0.642778 0.080882 0.126225
0 0.777582 0.422802 0.176471 0.147059
0 0.380522 0.474272 0.178922 0.075980
0 0.193022 0.148292 0.080882 0.083333
0 0.643390 0.740817 0.106618 0.136029
0 0.957418 0.261037 0.085163 0.139706
0 0.251233 0.614591 0.113971 0.091912
