0 0.383586 0.026352 0.072304 0.052704
0 0.639101 0.073537 0.071078 0.075980
0 0.157483 0.822311 0.105392 0.085784
0 0.851109 0.601724 0.174020 0.169118
0 0.335179 0.349273 0.071078 0.100490
0 0.466919 0.232238 0.089461 0.087010
0 0.755523 0.854787 0.102941 0.094363
0 0.961707 0.119493 0.076586 0.118873
0 0.700375 0.732238 0.075980 0.123775
0 0.094371 0.598660 0.074755 0.072304
0 0.420963 0.685057 0.090686 0.129902
0 0.252458 0.719370 0.082108 0.066176
0 0.694860 0.603561 0.091912 0.145833
0 0.292899 0.025130 0.087010 0.042892
0 0.208341 0.593145 0.172794 0.120098
0 0.542288 0.829664 0.112745 0.095588
0 0.936896 0.371331 0.107843 0.100490
0 0.722434 0.079664 0.142157 0.122549
0 0.517165 0.312507 0.116422 0.107843
0 0.721821 0.503684 0.084559 0.156863
0 0.288610 0.420963 0.107843 0.194853
0 0.096821 0.158095 0.116422 0.120098
0 0.119493 0.125620 0.142157 0.082108
0 0.267165 0.517778 0.150735 0.109069
