0 0.477948 0.890326 0.082108 0.106618
0 0.753071 0.803930 0.049020 0.100490
0 0.303929 0.155644 0.126225 0.125000
0 0.644615 0.948538 0.072304 0.090686
0 0.395842 0.559443 0.094363 0.055147
0 0.735914 0.475498 0.112745 0.161765
0 0.117042 0.872557 0.105392 0.058824
0 0.149518 0.648905 0.121324 0.074755
0 0.629296 0.821085 0.085784 0.090686
0 0.854787 0.791062 0.088235 0.153186
0 0.608464 0.617041 0.105392 0.172794
0 0.388487 0.726110 0.104167 0.138480
0 0.123782 0.077822 0.084559 0.155645
0 0.283096 0.870719 0.082108 0.079657
0 0.840081 0.580890 0.073529 0.080882
0 0.511355 0.977827 0.075000 0.041176
0 0.854787 0.937508 0.071078 0.110294
0 0.611527 0.161159 0.121324 0.158088
0 0.080890 0.528195 0.082108 0.147059
0 0.847433 0.675253 0.075980 0.100490
0 0.338243 0.029419 0.077206 0.056373
0 0.341919 0.879910 0.077206 0.107843
0 0.228561 0.651356 0.112745 0.182598
