0 0.680768 0.702825 0.080882 0.045343
0 0.481625 0.835791 0.050245 0.078431
0 0.547802 0.329051 0.074755 0.121324
0 0.562507 0.537998 0.084559 0.034314
0 0.789837 0.980399 0.034314 0.036765
0 0.811895 0.264101 0.056373 0.087010
0 0.922802 0.233463 0.087010 0.113971
0 0.483464 0.505522 0.078431 0.104167
0 0.109689 0.594371 0.169118 0.095588
0 0.692410 0.926478 0.067402 0.122549
0 0.355399 0.269616 0.087010 0.181373
0 0.017467 0.818022 0.034935 0.062500
0 0.625008 0.303317 0.067402 0.118873
0 0.556993 0.947311 0.181373 0.100490
0 0.481625 0.161160 0.096814 0.077206
0 0.795350 0.519615 0.113971 0.085784
0 0.777581 0.740203 0.073529 0.075980
0 0.313733 0.795350 0.094363 0.073529
0 0.611528 0.076600 0.077206 0.074755
0 0.615203 0.852950 0.104167 0.083333
0 0.712630 0.196698 0.068627 0.165441
0 0.060669 0.914222 0.056373 0.137255
0 0.856012 0.207115 0.046569 0.120098
0 0.212630 0.925253 0.068627 0.071078
