0 0.136037 0.677091 0.077206 0.148284
0 0.019306 0.789837 0.038611 0.067402
0 0.075065 0.455891 0.150130 0.110294
0 0.141552 0.871944 0.125000 0.162990
0 0.063733 0.678930 0.072304 0.058824
0 0.303317 0.710179 0.088235 0.153186
0 0.405032 0.048414 0.078431 0.091912
0 0.445473 0.260424 0.075980 0.082108
0 0.833954 0.889714 0.144608 0.156863
0 0.967834 0.042287 0.064331 0.067402
0 0.754296 0.346821 0.093137 0.080882
0 0.524517 0.469371 0.106618 0.122549
0 0.789835 0.742042 0.183824 0.082108
0 0.601110 0.356013 0.107843 0.099265
0 0.599885 0.905644 0.115196 0.154412
0 0.072312 0.371331 0.099265 0.063725
0 0.634812 0.469371 0.077206 0.098039
0 0.525130 0.635424 0.083333 0.140931
0 0.330277 0.855400 0.102941 0.071078
0 0.039223 0.506747 0.055147 0.074755
0 0.984992 0.291062 0.030016 0.113971
0 0.943022 0.158709 0.100490 0.084559
0 0.803930 0.068635 0.104167 0.115196
0 0.742655 0.504910 0.131127 0.085784
