0 0.275130 0.363365 0.122549 0.094363
0 0.905645 0.696699 0.079657 0.143382
0 0.639101 0.756135 0.088235 0.085784
0 0.027271 0.034934 0.054542 0.042892
0 0.162385 0.636037 0.053922 0.053922
0 0.715082 0.627459 0.068627 0.142157
0 0.267164 0.602336 0.060049 0.109069
0 0.496944 0.385424 0.098039 0.165441
0 0.338243 0.601111 0.087010 0.082108
0 0.787976 0.663628 0.055104 0.123741
0 0.845596 0.449150 0.089461 0.096814
0 0.297801 0.694247 0.087010 0.069853
0 0.961095 0.520228 0.077810 0.170343
0 0.583341 0.324762 0.113971 0.110294
0 0.573537 0.055764 0.136029 0.101724
0 0.689347 0.150743 0.056373 0.071078
0 0.721208 0.253684 0.107843 0.105392
0 0.531257 0.827826 0.095588 0.082108
0 0.587017 0.435669 0.087010 0.099265
0 0.829665 0.593145 0.060049 0.093137
0 0.449150 0.816797 0.117647 0.087010
0 0.186281 0.287998 0.074755 0.083333
0 0.439346 0.202825 0.051471 0.052696
0 0.032786 0.877459 0.065572 0.088235
0 0.210791 0.795352 0.165441 0.112745
0 0.127459 0.501233 0.136029 0.095588
0 0.433219 0.737753 0.090686 0.129902
0 0.360302 0.499395 0.162990 0.101716
